<?xml version="1.0"?>
<opencv_storage>
<calibration_Time>"Fri Apr 17 09:55:13 2015"</calibration_Time>
<nrOfFrames>3</nrOfFrames>
<image_Width>3008</image_Width>
<image_Height>2008</image_Height>
<board_Width>19</board_Width>
<board_Height>14</board_Height>
<square_Size>40.</square_Size>
<FixAspectRatio>1.</FixAspectRatio>
<!-- flags:  +fix_aspectRatio +fix_principal_point +zero_tangent_dist -->
<flagValue>14</flagValue>
<Camera_Matrix type_id="opencv-matrix">
  <rows>3</rows>
  <cols>3</cols>
  <dt>d</dt>
  <data>
    4.3769327861681231e+03 0. 1.5035000000000000e+03 0.
    4.3769327861681231e+03 1.0035000000000000e+03 0. 0. 1.</data></Camera_Matrix>
<Distortion_Coefficients type_id="opencv-matrix">
  <rows>5</rows>
  <cols>1</cols>
  <dt>d</dt>
  <data>
    -3.1085881611614624e-01 9.1428242278837217e+00 0. 0.
    -1.4138673069973422e+02</data></Distortion_Coefficients>
<Avg_Reprojection_Error>5.7233296408463463e-01</Avg_Reprojection_Error>
<Per_View_Reprojection_Errors type_id="opencv-matrix">
  <rows>3</rows>
  <cols>1</cols>
  <dt>f</dt>
  <data>
    5.24524033e-01 5.73292196e-01 6.15553141e-01</data></Per_View_Reprojection_Errors>
<!-- a set of 6-tuples (rotation vector + translation vector) for each view -->
<Extrinsic_Parameters type_id="opencv-matrix">
  <rows>3</rows>
  <cols>6</cols>
  <dt>d</dt>
  <data>
    -2.9647066316146192e-01 -3.4624997311906314e-01
    1.5329077028122258e+00 2.0709395654583238e+02
    -3.3780026450977596e+02 2.8358593463400239e+03
    5.0966108332240734e-01 5.1629205957026525e-01 1.5196553789873339e+00
    2.9015670069857481e+02 -3.3403261564467203e+02
    2.7096067350765989e+03 8.1059827339040036e-01 8.2537175156422538e-01
    1.4370890935883396e+00 1.5834061665440558e+02
    -3.2835388824978423e+02 2.5679135327650160e+03</data></Extrinsic_Parameters>
<Image_points type_id="opencv-matrix">
  <rows>3</rows>
  <cols>266</cols>
  <dt>"2f"</dt>
  <data>
    1.82160449e+03 4.84211304e+02 1.82224353e+03 5.45417175e+02
    1.82251086e+03 6.07149841e+02 1.82261975e+03 6.68427185e+02
    1.82281128e+03 7.30267090e+02 1.82343506e+03 7.91494568e+02
    1.82365601e+03 8.53084045e+02 1.82395825e+03 9.14318298e+02
    1.82421472e+03 9.75926697e+02 1.82452051e+03 1.03710583e+03
    1.82482654e+03 1.09847754e+03 1.82604541e+03 1.15626282e+03
    1.82562146e+03 1.22072156e+03 1.82589392e+03 1.28163940e+03
    1.82632251e+03 1.34273157e+03 1.82650952e+03 1.40334363e+03
    1.82698804e+03 1.46440991e+03 1.82736963e+03 1.52441394e+03
    1.82770874e+03 1.58547559e+03 1.76733386e+03 4.82424194e+02
    1.76775818e+03 5.43929016e+02 1.76825940e+03 6.06025024e+02
    1.76908752e+03 6.67225098e+02 1.76852930e+03 7.29941345e+02
    1.76907861e+03 7.91509277e+02 1.76939685e+03 8.53426453e+02
    1.76946875e+03 9.14999084e+02 1.76956042e+03 9.77025879e+02
    1.76995044e+03 1.03850769e+03 1.77048608e+03 1.10032800e+03
    1.77188843e+03 1.15913733e+03 1.77145532e+03 1.22333521e+03
    1.77151318e+03 1.28450659e+03 1.77160266e+03 1.34594373e+03
    1.77184619e+03 1.40682324e+03 1.77239282e+03 1.46810913e+03
    1.77277551e+03 1.52885986e+03 1.77304541e+03 1.59003674e+03
    1.71180200e+03 4.80530823e+02 1.71244617e+03 5.42466553e+02
    1.71285559e+03 6.04876831e+02 1.71310242e+03 6.66831360e+02
    1.71345312e+03 7.29444336e+02 1.71384375e+03 7.91479431e+02
    1.71424841e+03 8.53661804e+02 1.71426111e+03 9.15665100e+02
    1.71452490e+03 9.78189758e+02 1.71477722e+03 1.03994849e+03
    1.71548535e+03 1.10218860e+03 1.71582703e+03 1.16378247e+03
    1.71633374e+03 1.22578296e+03 1.71649915e+03 1.28734619e+03
    1.71651440e+03 1.34927991e+03 1.71682971e+03 1.41047375e+03
    1.71733569e+03 1.47205493e+03 1.71766394e+03 1.53331067e+03
    1.71822339e+03 1.59451440e+03 1.65489014e+03 4.78606140e+02
    1.65549695e+03 5.41075378e+02 1.65593738e+03 6.03774353e+02
    1.65657483e+03 6.66219910e+02 1.65682043e+03 7.29074402e+02
    1.65723694e+03 7.91442932e+02 1.65760706e+03 8.54138733e+02
    1.65786780e+03 9.16504578e+02 1.65835645e+03 9.79293457e+02
    1.65892358e+03 1.04154663e+03 1.65909058e+03 1.10400012e+03
    1.65947156e+03 1.16606482e+03 1.65982703e+03 1.22847363e+03
    1.66031848e+03 1.29041248e+03 1.66066309e+03 1.35262854e+03
    1.66102014e+03 1.41433765e+03 1.66140027e+03 1.47613843e+03
    1.66160120e+03 1.53769348e+03 1.66173242e+03 1.59940173e+03
    1.59794690e+03 4.76978973e+02 1.59849585e+03 5.39664917e+02
    1.59916162e+03 6.02789795e+02 1.59995459e+03 6.65507507e+02
    1.60017664e+03 7.28733459e+02 1.60047510e+03 7.91549255e+02
    1.60069250e+03 8.54516602e+02 1.60130627e+03 9.17291748e+02
    1.60155750e+03 9.80445801e+02 1.60214282e+03 1.04303223e+03
    1.60245618e+03 1.10584473e+03 1.60276892e+03 1.16829895e+03
    1.60341101e+03 1.23117603e+03 1.60391772e+03 1.29336938e+03
    1.60413928e+03 1.35600513e+03 1.60455310e+03 1.41799939e+03
    1.60501147e+03 1.48027246e+03 1.60541785e+03 1.54199036e+03
    1.60568555e+03 1.60429651e+03 1.54093396e+03 4.75266815e+02
    1.54150073e+03 5.38197998e+02 1.54222803e+03 6.01615417e+02
    1.54253223e+03 6.64709473e+02 1.54301306e+03 7.28424072e+02
    1.54334973e+03 7.91530273e+02 1.54356812e+03 8.54888611e+02
    1.54409436e+03 9.18078918e+02 1.54432397e+03 9.81521179e+02
    1.54462146e+03 1.04452502e+03 1.54512695e+03 1.10770093e+03
    1.54555078e+03 1.17052490e+03 1.54631604e+03 1.23371436e+03
    1.54656165e+03 1.29639062e+03 1.54690662e+03 1.35930566e+03
    1.54735168e+03 1.42159204e+03 1.54775439e+03 1.48426404e+03
    1.54836865e+03 1.54643433e+03 1.54854248e+03 1.60880835e+03
    1.48357410e+03 4.73437317e+02 1.48417065e+03 5.36649231e+02
    1.48456897e+03 6.00535217e+02 1.48494861e+03 6.64020569e+02
    1.48544446e+03 7.28021851e+02 1.48566797e+03 7.91509583e+02
    1.48628748e+03 8.55310913e+02 1.48651038e+03 9.18675720e+02
    1.48689893e+03 9.82569336e+02 1.48743872e+03 1.04599951e+03
    1.48767749e+03 1.10956494e+03 1.48826611e+03 1.17274695e+03
    1.48859827e+03 1.23635229e+03 1.48911572e+03 1.29927905e+03
    1.48944397e+03 1.36259302e+03 1.48961731e+03 1.42520325e+03
    1.49042688e+03 1.48830457e+03 1.49081531e+03 1.55057715e+03
    1.49123938e+03 1.61353992e+03 1.42403308e+03 4.71521362e+02
    1.42434155e+03 5.35317261e+02 1.42489075e+03 5.99516052e+02
    1.42537024e+03 6.63383179e+02 1.42573083e+03 7.27611877e+02
    1.42642590e+03 7.91526367e+02 1.42678796e+03 8.55585754e+02
    1.42730945e+03 9.19496582e+02 1.42766577e+03 9.83704041e+02
    1.42824768e+03 1.04741528e+03 1.42862891e+03 1.11138879e+03
    1.42913708e+03 1.17491956e+03 1.42960059e+03 1.23884668e+03
    1.42998999e+03 1.30229846e+03 1.43047705e+03 1.36589624e+03
    1.43082922e+03 1.42896948e+03 1.43147437e+03 1.49226526e+03
    1.43206262e+03 1.55522913e+03 1.43241614e+03 1.61812280e+03
    1.36383862e+03 4.69768768e+02 1.36457288e+03 5.33738464e+02
    1.36502124e+03 5.98476501e+02 1.36543726e+03 6.62581238e+02
    1.36602271e+03 7.27382568e+02 1.36654773e+03 7.91527588e+02
    1.36720532e+03 8.56020691e+02 1.36758618e+03 9.20298401e+02
    1.36823096e+03 9.84724365e+02 1.36891370e+03 1.04862634e+03
    1.36912842e+03 1.11339343e+03 1.36963452e+03 1.17723926e+03
    1.37026306e+03 1.24148816e+03 1.37050806e+03 1.30513513e+03
    1.37092041e+03 1.36925562e+03 1.37162671e+03 1.43265356e+03
    1.37228870e+03 1.49637903e+03 1.37266382e+03 1.55941382e+03
    1.37323962e+03 1.62284485e+03 1.30347119e+03 4.68030640e+02
    1.30406787e+03 5.32477722e+02 1.30455896e+03 5.97465576e+02
    1.30509546e+03 6.61921631e+02 1.30564526e+03 7.27048767e+02
    1.30630286e+03 7.91599487e+02 1.30683704e+03 8.56504456e+02
    1.30735437e+03 9.21078430e+02 1.30774646e+03 9.86167725e+02
    1.30828137e+03 1.05054346e+03 1.30866528e+03 1.11530115e+03
    1.30933789e+03 1.17951538e+03 1.30986084e+03 1.24418323e+03
    1.31037549e+03 1.30832507e+03 1.31084473e+03 1.37272998e+03
    1.31154846e+03 1.43647363e+03 1.31224402e+03 1.50046924e+03
    1.31278284e+03 1.56399902e+03 1.31326697e+03 1.62777759e+03
