<?xml version="1.0"?>
<opencv_storage>
<calibration_Time>"五  4/ 3 16:19:57 2015"</calibration_Time>
<nrOfFrames>3</nrOfFrames>
<image_Width>1000</image_Width>
<image_Height>750</image_Height>
<board_Width>19</board_Width>
<board_Height>14</board_Height>
<square_Size>40.</square_Size>
<FixAspectRatio>1.</FixAspectRatio>
<!-- flags:  +fix_aspectRatio +fix_principal_point +zero_tangent_dist -->
<flagValue>14</flagValue>
<Camera_Matrix type_id="opencv-matrix">
  <rows>3</rows>
  <cols>3</cols>
  <dt>d</dt>
  <data>
    8.6562395564433280e+02 0. 4.9950000000000000e+02 0.
    8.6562395564433280e+02 3.7450000000000000e+02 0. 0. 1.</data></Camera_Matrix>
<Distortion_Coefficients type_id="opencv-matrix">
  <rows>5</rows>
  <cols>1</cols>
  <dt>d</dt>
  <data>
    1.8647109903273423e-02 4.6275546556531316e-01 0. 0.
    -1.7403108411462329e+00</data></Distortion_Coefficients>
<Avg_Reprojection_Error>2.9017014139997621e-01</Avg_Reprojection_Error>
<Per_View_Reprojection_Errors type_id="opencv-matrix">
  <rows>3</rows>
  <cols>1</cols>
  <dt>f</dt>
  <data>
    2.41646245e-01 3.67015451e-01 2.43932128e-01</data></Per_View_Reprojection_Errors>
<!-- a set of 6-tuples (rotation vector + translation vector) for each view -->
<Extrinsic_Parameters type_id="opencv-matrix">
  <rows>3</rows>
  <cols>6</cols>
  <dt>d</dt>
  <data>
    -4.4343017999975021e-01 -1.3260974530799965e-01
    3.0330345035908661e+00 3.9542311778643443e+02 2.1763612039882543e+02
    1.4843960451323348e+03 5.4422171505719386e-01
    -2.3164416476377192e-01 3.0723846480641246e+00
    2.9300987430407270e+02 2.3865234386069602e+02 9.9017986934181249e+02
    -4.0261085542308361e-01 -2.3732260528441718e-01
    3.0193851553583522e+00 3.7370871347890238e+02 1.9332489624931657e+02
    1.5536956370885150e+03</data></Extrinsic_Parameters>
<Image_points type_id="opencv-matrix">
  <rows>3</rows>
  <cols>266</cols>
  <dt>"2f"</dt>
  <data>
    7.31433838e+02 5.01921112e+02 7.10493408e+02 5.04905640e+02
    6.89039673e+02 5.07902008e+02 6.67496826e+02 5.10788055e+02
    6.45564514e+02 5.13754272e+02 6.23469543e+02 5.16948792e+02
    6.01047485e+02 5.20207458e+02 5.78281555e+02 5.23349304e+02
    5.54878845e+02 5.26553711e+02 5.31486084e+02 5.29992554e+02
    5.07551636e+02 5.33476440e+02 4.83561462e+02 5.37435730e+02
    4.58623566e+02 5.40545288e+02 4.33528564e+02 5.44282593e+02
    4.07985596e+02 5.48099670e+02 3.82107666e+02 5.51842468e+02
    3.55462189e+02 5.55777222e+02 3.28548889e+02 5.60208008e+02
    3.00961090e+02 5.64288818e+02 7.30439880e+02 4.79136841e+02
    7.09567261e+02 4.81982086e+02 6.88101868e+02 4.84675781e+02
    6.66407593e+02 4.87441711e+02 6.44437744e+02 4.90290497e+02
    6.22274475e+02 4.93284546e+02 5.99693420e+02 4.96234406e+02
    5.76852539e+02 4.99279541e+02 5.53495911e+02 5.02340851e+02
    5.30021729e+02 5.05487518e+02 5.06065186e+02 5.08753143e+02
    4.82529724e+02 5.12287659e+02 4.57050964e+02 5.15536560e+02
    4.31946869e+02 5.18875305e+02 4.06264771e+02 5.22412781e+02
    3.80225952e+02 5.25959534e+02 3.53555359e+02 5.29675415e+02
    3.26619690e+02 5.33476318e+02 2.98702728e+02 5.37389954e+02
    7.29555786e+02 4.55921539e+02 7.08509521e+02 4.58560455e+02
    6.87096252e+02 4.61269501e+02 6.65443726e+02 4.63820801e+02
    6.43326538e+02 4.66530548e+02 6.21213745e+02 4.69373383e+02
    5.98552063e+02 4.72188873e+02 5.75523315e+02 4.74935181e+02
    5.52120667e+02 4.77841675e+02 5.28515808e+02 4.80863434e+02
    5.04494629e+02 4.83903656e+02 4.81366180e+02 4.87553772e+02
    4.55351044e+02 4.90280273e+02 4.30321045e+02 4.93468658e+02
    4.04344910e+02 4.96636047e+02 3.78403534e+02 4.99971100e+02
    3.51718109e+02 5.03485107e+02 3.24550171e+02 5.07016602e+02
    2.96653748e+02 5.10663361e+02 7.28504822e+02 4.32431274e+02
    7.07476746e+02 4.34811829e+02 6.85930908e+02 4.37352142e+02
    6.64377808e+02 4.39783752e+02 6.42350464e+02 4.42437317e+02
    6.19975769e+02 4.44930511e+02 5.97318726e+02 4.47620697e+02
    5.74279968e+02 4.50334473e+02 5.50851074e+02 4.53086365e+02
    5.27237244e+02 4.55920929e+02 5.03071411e+02 4.58684448e+02
    4.78694702e+02 4.61575195e+02 4.53610626e+02 4.64580963e+02
    4.28433258e+02 4.67592346e+02 4.02506012e+02 4.70701813e+02
    3.76429749e+02 4.73798096e+02 3.49562622e+02 4.77044861e+02
    3.22443909e+02 4.80327881e+02 2.94550537e+02 4.83656311e+02
    7.27561890e+02 4.08878265e+02 7.06500610e+02 4.11320709e+02
    6.84942139e+02 4.13552582e+02 6.63440979e+02 4.15984863e+02
    6.41123108e+02 4.18396332e+02 6.18714783e+02 4.20713409e+02
    5.95968323e+02 4.23292450e+02 5.73027405e+02 4.25700714e+02
    5.49471558e+02 4.28350189e+02 5.25695618e+02 4.30861633e+02
    5.01525146e+02 4.33564606e+02 4.77087524e+02 4.36287018e+02
    4.52033081e+02 4.39068604e+02 4.26622742e+02 4.41803955e+02
    4.00666016e+02 4.44641663e+02 3.74480377e+02 4.47602448e+02
    3.47627441e+02 4.50562256e+02 3.20418457e+02 4.53589722e+02
    2.92388733e+02 4.56600830e+02 7.26749390e+02 3.85579010e+02
    7.05685486e+02 3.87681732e+02 6.84102478e+02 3.89873230e+02
    6.62300049e+02 3.92085114e+02 6.40064880e+02 3.94372131e+02
    6.17695251e+02 3.96532288e+02 5.94731628e+02 3.98712555e+02
    5.71773499e+02 4.01109375e+02 5.48115173e+02 4.03480621e+02
    5.24272827e+02 4.05784210e+02 4.99968140e+02 4.08371094e+02
    4.75423492e+02 4.10726715e+02 4.50403534e+02 4.13394958e+02
    4.24917816e+02 4.15951447e+02 3.98723694e+02 4.18563293e+02
    3.72554382e+02 4.21286407e+02 3.45533936e+02 4.23968475e+02
    3.18317200e+02 4.26690948e+02 2.90106079e+02 4.29601257e+02
    7.26094666e+02 3.62386353e+02 7.04862549e+02 3.64301453e+02
    6.83148071e+02 3.66293732e+02 6.61388489e+02 3.68301117e+02
    6.39084106e+02 3.70354675e+02 6.16578064e+02 3.72356018e+02
    5.93703613e+02 3.74458893e+02 5.70541748e+02 3.76472168e+02
    5.46848450e+02 3.78586487e+02 5.22966553e+02 3.80834900e+02
    4.98534119e+02 3.83206207e+02 4.73817932e+02 3.85430725e+02
    4.48675110e+02 3.87618683e+02 4.23259827e+02 3.90081726e+02
    3.97084839e+02 3.92513702e+02 3.70494415e+02 3.94837708e+02
    3.43592285e+02 3.97464935e+02 3.16233521e+02 3.99813629e+02
    2.87869171e+02 4.02496216e+02 7.25040222e+02 3.38430328e+02
    7.03704407e+02 3.40291199e+02 6.81991638e+02 3.42026978e+02
    6.60050110e+02 3.43706696e+02 6.37684265e+02 3.45644928e+02
    6.15246887e+02 3.47514374e+02 5.92365662e+02 3.49487701e+02
    5.69103149e+02 3.51470520e+02 5.45416565e+02 3.53445892e+02
    5.21412903e+02 3.55368164e+02 4.97200531e+02 3.57504883e+02
    4.72274475e+02 3.59468353e+02 4.46871216e+02 3.61579498e+02
    4.21351532e+02 3.63616028e+02 3.95189087e+02 3.65836456e+02
    3.68557159e+02 3.68036346e+02 3.41529755e+02 3.70365570e+02
    3.13826630e+02 3.72501160e+02 2.85547546e+02 3.74923035e+02
    7.23992310e+02 3.14461304e+02 7.02722351e+02 3.16054504e+02
    6.80972778e+02 3.17630493e+02 6.58953186e+02 3.19387939e+02
    6.36658386e+02 3.21060120e+02 6.14071472e+02 3.22689636e+02
    5.91130920e+02 3.24459625e+02 5.67822510e+02 3.26259155e+02
    5.44053284e+02 3.27947388e+02 5.20198486e+02 3.29867157e+02
    4.95430542e+02 3.31558502e+02 4.70586792e+02 3.33488647e+02
    4.45228119e+02 3.35389679e+02 4.19487000e+02 3.37339081e+02
    3.93211639e+02 3.39355438e+02 3.66558228e+02 3.41228973e+02
    3.39393341e+02 3.43351501e+02 3.11591522e+02 3.45324524e+02
    2.83248993e+02 3.47443695e+02 7.23295898e+02 2.90323669e+02
    7.02052673e+02 2.91634491e+02 6.80094055e+02 2.93270630e+02
    6.58056030e+02 2.94607086e+02 6.35647339e+02 2.96238708e+02
    6.13027161e+02 2.97598511e+02 5.89934509e+02 2.99252411e+02
    5.66581604e+02 3.00703918e+02 5.42570007e+02 3.02382874e+02
    5.18459167e+02 3.04008453e+02 4.93732117e+02 3.05618073e+02
    4.68904877e+02 3.07361420e+02 4.43461426e+02 3.08954987e+02
    4.17616577e+02 3.10586090e+02 3.91346436e+02 3.12391602e+02
    3.64562988e+02 3.14203247e+02 3.37303375e+02 3.15861176e+02
    3.09420166e+02 3.17622040e+02 2.80956757e+02 3.19455841e+02
