<?xml version="1.0"?>
<opencv_storage>
<calibration_Time>"一  4/20 17:03:50 2015"</calibration_Time>
<nrOfFrames>1</nrOfFrames>
<image_Width>3264</image_Width>
<image_Height>2448</image_Height>
<board_Width>19</board_Width>
<board_Height>14</board_Height>
<square_Size>40.</square_Size>
<FixAspectRatio>1.</FixAspectRatio>
<!-- flags:  +fix_aspectRatio +fix_principal_point +zero_tangent_dist -->
<flagValue>14</flagValue>
<Camera_Matrix type_id="opencv-matrix">
  <rows>3</rows>
  <cols>3</cols>
  <dt>d</dt>
  <data>
    2.7896618441071664e+03 0. 1.6315000000000000e+03 0.
    2.7896618441071664e+03 1.2235000000000000e+03 0. 0. 1.</data></Camera_Matrix>
<Distortion_Coefficients type_id="opencv-matrix">
  <rows>5</rows>
  <cols>1</cols>
  <dt>d</dt>
  <data>
    -2.0128701064108211e-02 1.4523666273575231e+00 0. 0.
    -6.3185140603842056e+00</data></Distortion_Coefficients>
<Avg_Reprojection_Error>1.0317509909743348e+00</Avg_Reprojection_Error>
<Per_View_Reprojection_Errors type_id="opencv-matrix">
  <rows>1</rows>
  <cols>1</cols>
  <dt>f</dt>
  <data>
    1.03175104e+00</data></Per_View_Reprojection_Errors>
<!-- a set of 6-tuples (rotation vector + translation vector) for each view -->
<Extrinsic_Parameters type_id="opencv-matrix">
  <rows>1</rows>
  <cols>6</cols>
  <dt>d</dt>
  <data>
    5.0734206008857885e-01 5.7438445433579191e-02 1.6645049380964960e+00
    3.1652966472148546e+02 -2.8702818571343704e+02
    1.3152041380848912e+03</data></Extrinsic_Parameters>
<Image_points type_id="opencv-matrix">
  <rows>1</rows>
  <cols>266</cols>
  <dt>"2f"</dt>
  <data>
    2.30591626e+03 6.11132935e+02 2.29377393e+03 6.97165405e+02
    2.28201611e+03 7.82455383e+02 2.27020166e+03 8.65278137e+02
    2.25877588e+03 9.47171936e+02 2.24750732e+03 1.02715759e+03
    2.23660962e+03 1.10588452e+03 2.22594775e+03 1.18292395e+03
    2.21563721e+03 1.25928979e+03 2.20558887e+03 1.33383716e+03
    2.19534888e+03 1.40764075e+03 2.18745410e+03 1.47476526e+03
    2.17592432e+03 1.55149243e+03 2.16653955e+03 1.62183398e+03
    2.15695312e+03 1.69108069e+03 2.14797021e+03 1.75937402e+03
    2.13876074e+03 1.82738928e+03 2.12988940e+03 1.89343384e+03
    2.12117871e+03 1.95977991e+03 2.22085913e+03 6.03601257e+02
    2.20938330e+03 6.88989014e+02 2.19845874e+03 7.73353821e+02
    2.18811353e+03 8.55146851e+02 2.17718457e+03 9.36549316e+02
    2.16672705e+03 1.01561835e+03 2.15658667e+03 1.09379724e+03
    2.14660864e+03 1.17017139e+03 2.13700684e+03 1.24563489e+03
    2.12764600e+03 1.31972351e+03 2.11823682e+03 1.39286816e+03
    2.11021558e+03 1.46252307e+03 2.10013062e+03 1.53579810e+03
    2.09132104e+03 1.60513342e+03 2.08255518e+03 1.67398047e+03
    2.07408423e+03 1.74162012e+03 2.06557275e+03 1.80842712e+03
    2.05714453e+03 1.87466650e+03 2.04906128e+03 1.94033264e+03
    2.13678345e+03 5.96121765e+02 2.12648169e+03 6.80588989e+02
    2.11623853e+03 7.64204590e+02 2.10640747e+03 8.45356995e+02
    2.09637964e+03 9.25875000e+02 2.08712939e+03 1.00445258e+03
    2.07743384e+03 1.08180396e+03 2.06842188e+03 1.15723877e+03
    2.05949609e+03 1.23248169e+03 2.05087256e+03 1.30576367e+03
    2.04237695e+03 1.37825427e+03 2.03371350e+03 1.44962915e+03
    2.02524683e+03 1.52018457e+03 2.01721118e+03 1.58890271e+03
    2.00899255e+03 1.65722827e+03 2.00115771e+03 1.72432092e+03
    1.99316846e+03 1.79057190e+03 1.98550391e+03 1.85626550e+03
    1.97797791e+03 1.92092578e+03 2.05392969e+03 5.87749084e+02
    2.04403516e+03 6.72315002e+02 2.03488611e+03 7.54967285e+02
    2.02555237e+03 8.35656738e+02 2.01656970e+03 9.15266113e+02
    2.00774292e+03 9.93072571e+02 1.99924890e+03 1.06966650e+03
    1.99086902e+03 1.14505310e+03 1.98262158e+03 1.21942468e+03
    1.97509827e+03 1.29235852e+03 1.96695923e+03 1.36431104e+03
    1.95889429e+03 1.43464185e+03 1.95121924e+03 1.50455676e+03
    1.94356653e+03 1.57308679e+03 1.93626318e+03 1.64123706e+03
    1.92887292e+03 1.70755994e+03 1.92161389e+03 1.77339758e+03
    1.91430994e+03 1.83840576e+03 1.90711523e+03 1.90291125e+03
    1.97339966e+03 5.81238586e+02 1.96464612e+03 6.64313049e+02
    1.95581958e+03 7.46226440e+02 1.94741492e+03 8.26209473e+02
    1.93936792e+03 9.05068909e+02 1.93150403e+03 9.82175232e+02
    1.92339270e+03 1.05816736e+03 1.91569250e+03 1.13262341e+03
    1.90832239e+03 1.20665466e+03 1.90068811e+03 1.27884399e+03
    1.89358911e+03 1.35026001e+03 1.88634583e+03 1.42011780e+03
    1.87906848e+03 1.48970996e+03 1.87230762e+03 1.55776526e+03
    1.86533447e+03 1.62483069e+03 1.85885376e+03 1.69101550e+03
    1.85194067e+03 1.75652380e+03 1.84522839e+03 1.82053491e+03
    1.83907959e+03 1.88466187e+03 1.89460376e+03 5.74094482e+02
    1.88674292e+03 6.56331848e+02 1.87917834e+03 7.37620911e+02
    1.87118201e+03 8.16676086e+02 1.86404492e+03 8.95119690e+02
    1.85654456e+03 9.71525085e+02 1.84936035e+03 1.04680591e+03
    1.84212842e+03 1.12088013e+03 1.83524731e+03 1.19394434e+03
    1.82870825e+03 1.26560840e+03 1.82185278e+03 1.33642651e+03
    1.81518262e+03 1.40587720e+03 1.80853735e+03 1.47513904e+03
    1.80231458e+03 1.54226367e+03 1.79606018e+03 1.60916504e+03
    1.78958264e+03 1.67446851e+03 1.78351392e+03 1.73958252e+03
    1.77723059e+03 1.80358069e+03 1.77165576e+03 1.86680566e+03
    1.81794067e+03 5.67180603e+02 1.81103064e+03 6.48492798e+02
    1.80390466e+03 7.28937134e+02 1.79695154e+03 8.07332825e+02
    1.78996619e+03 8.84957703e+02 1.78363477e+03 9.60826660e+02
    1.77682007e+03 1.03573291e+03 1.77046838e+03 1.10913879e+03
    1.76405957e+03 1.18172229e+03 1.75787146e+03 1.25282031e+03
    1.75177820e+03 1.32320276e+03 1.74560449e+03 1.39209729e+03
    1.73962451e+03 1.46039795e+03 1.73385046e+03 1.52740381e+03
    1.72825012e+03 1.59376001e+03 1.72250757e+03 1.65833655e+03
    1.71684741e+03 1.72331738e+03 1.71122485e+03 1.78672339e+03
    1.70586389e+03 1.84924634e+03 1.74260852e+03 5.59910950e+02
    1.73602271e+03 6.40541443e+02 1.72974109e+03 7.20211914e+02
    1.72345593e+03 7.97973938e+02 1.71735327e+03 8.75181396e+02
    1.71105981e+03 9.50216553e+02 1.70510864e+03 1.02450403e+03
    1.69914893e+03 1.09722107e+03 1.69338464e+03 1.16951404e+03
    1.68768030e+03 1.24010754e+03 1.68224268e+03 1.30977234e+03
    1.67665881e+03 1.37812830e+03 1.67122778e+03 1.44610986e+03
    1.66600305e+03 1.51238147e+03 1.66072632e+03 1.57827197e+03
    1.65556775e+03 1.64289246e+03 1.65040564e+03 1.70675012e+03
    1.64504614e+03 1.76976489e+03 1.64039380e+03 1.83195764e+03
    1.66793921e+03 5.52816589e+02 1.66229028e+03 6.32686035e+02
    1.65667334e+03 7.11716125e+02 1.65095337e+03 7.88825134e+02
    1.64537903e+03 8.65273682e+02 1.63975281e+03 9.39976929e+02
    1.63440015e+03 1.01367841e+03 1.62909790e+03 1.08596082e+03
    1.62387048e+03 1.15739661e+03 1.61907300e+03 1.22747888e+03
    1.61396179e+03 1.29667896e+03 1.60896887e+03 1.36460620e+03
    1.60394556e+03 1.43197119e+03 1.59947241e+03 1.49762122e+03
    1.59482227e+03 1.56321252e+03 1.59007056e+03 1.62732214e+03
    1.58524768e+03 1.69088062e+03 1.58053467e+03 1.75299780e+03
    1.57660193e+03 1.81524780e+03 1.59463232e+03 5.46048401e+02
    1.58950989e+03 6.25319214e+02 1.58449353e+03 7.03541870e+02
    1.57933057e+03 7.80105957e+02 1.57440747e+03 8.55732422e+02
    1.56949377e+03 9.29776184e+02 1.56457654e+03 1.00312524e+03
    1.55987073e+03 1.07467017e+03 1.55541125e+03 1.14568713e+03
    1.55106116e+03 1.21522034e+03 1.54663977e+03 1.28390442e+03
    1.54226477e+03 1.35138501e+03 1.53793213e+03 1.41825867e+03
    1.53375244e+03 1.48352258e+03 1.52967505e+03 1.54850537e+03
    1.52539722e+03 1.61212231e+03 1.52146777e+03 1.67542090e+03
    1.51748621e+03 1.73726013e+03 1.51341052e+03 1.79869080e+03
    1.52372253e+03 5.39299622e+02 1.51921960e+03 6.17947327e+02
    1.51476147e+03 6.95675537e+02 1.51020996e+03 7.71410889e+02
    1.50561157e+03 8.46669006e+02 1.50161841e+03 9.20130066e+02
    1.49718945e+03 9.92602417e+02 1.49308020e+03 1.06372913e+03
    1.48893689e+03 1.13420312e+03 1.48493250e+03 1.20344385e+03
